[LEFT_CAM_2K]
fx=1399.02
fy=1399.02
cx=1026.24
cy=615.138
k1=-0.170895
k2=0.0244635
p1=0
p2=0
k3=0

[RIGHT_CAM_2K]
fx=1400.79
fy=1400.79
cx=1048.64
cy=622.789
k1=-0.168432
k2=0.0212673
p1=0
p2=0
k3=0

[LEFT_CAM_FHD]
fx=1399.02
fy=1399.02
cx=882.24
cy=534.138
k1=-0.170895
k2=0.0244635
p1=0
p2=0
k3=0

[RIGHT_CAM_FHD]
fx=1400.79
fy=1400.79
cx=904.64
cy=541.789
k1=-0.168432
k2=0.0212673
p1=0
p2=0
k3=0

[LEFT_CAM_HD]
fx=699.51
fy=699.51
cx=599.62
cy=355.569
k1=-0.170895
k2=0.0244635
p1=0
p2=0
k3=0

[RIGHT_CAM_HD]
fx=700.395
fy=700.395
cx=610.82
cy=359.3945
k1=-0.168432
k2=0.0212673
p1=0
p2=0
k3=0

[LEFT_CAM_VGA]
fx=349.755
fy=349.755
cx=315.31
cy=185.2845
k1=-0.170895
k2=0.0244635
p1=0
p2=0
k3=0

[RIGHT_CAM_VGA]
fx=350.1975
fy=350.1975
cx=320.91
cy=187.19725
k1=-0.168432
k2=0.0212673
p1=0
p2=0
k3=0

[STEREO]
Baseline=120
TY=0
TZ=0
CV_2K=0.00732125
CV_FHD=0.00732125
CV_HD=0.00732125
CV_VGA=0.00732125
RX_2K=0.00264681
RX_FHD=0.00264681
RX_HD=0.00264681
RX_VGA=0.00264681
RZ_2K=0.000482386
RZ_FHD=0.000482386
RZ_HD=0.000482386
RZ_VGA=0.000482386

